1110000000111000000000000
1000011110000000000000000
1110000010000000000000000
0000100010111100000000000
0000100010100000000000000
0111100111100000000111111
0001100001000000001000000
0000000001000000011000000
0000000001000000100000000
0000000000000011100000000
1111000000000010000000000
0001000000000010000000000
0001000000000011000000000
0000110000000001100000000
0000011100000000111000000
0000000110000000011000000
0000000000000000001000001
0000000000000000001000111
0000000000000000001000100
0000000000000000010000100
0000000000000000010000100
0000000000000000000000100
0000000000000000000000100
0000000000000000000000000
0000000000000000000000000